1421
6131
3588
2837
7032
4456
6922
7885
2253
8674
2305
9794
5587
3804
4598
6013
8381
9579
5580
1383
3794
4511
3176
2791
2123
5044
7869
5480
1096
1409
532
2081
5863
2752
5405
4089
8389
6324
5551
8036
7566
7653
7810
9468
9881
9092
5272
7127
2121
7360
7615
3759
859
881
3833
6041
9018
5106
864
6519
8096
272
4755
1850
1350
4383
2748
6973
6688
4988
6816
7960
7993
141
4042
757
268
8207
8902
9902
5547
2745
4969
3012
643
7833
9328
5036
1255
4622
6712
7293
8098
2433
8944
9299
9924
9017
9151
543
2477
1452
1278
3865
2637
1367
2120
8357
4402
2064
1289
9558
1674
9554
592
1998
86
3708
1135
6605
7001
2327
8357
7175
2053
1163
1415
5046
3763
989
4783
4937
3763
5583
680
8434
7044
2831
7058
7664
4908
621
5559
3622
7355
5779
7761
3623
2463
6608
